-3.524165346290529521e-02
-2.972883453660715714e-03
3.466141613123864540e-02
1.381866062737172052e-03
-6.438681730986098306e-02
-6.310852637506948748e-02
1.294770764006713051e-02
7.177795298148810510e-02
6.083854338637391390e-02
2.698709674181897292e-02
2.127311692485334138e-02
2.430850043582638911e-02
4.393448283290949177e-03
-1.547700733018419345e-02
-9.971918271392439526e-04
2.958334822433585087e-02
4.027099493369933059e-02
4.063946711812806839e-02
5.523453829499801876e-02
5.787518931198443878e-02
7.388693655822002604e-03
-6.189447692939070711e-02
-6.379233089119439037e-02
1.130633004981774180e-02
6.527883608339052346e-02
2.637372459116125306e-02
-4.651296560011264347e-02
-4.893232348894395456e-02
2.133568687542671677e-02
6.876669065592694308e-02
3.614323110463108640e-02
-3.094871046843626627e-02
-6.263677797006340919e-02
-4.973744063323315423e-02
-2.555976011874232234e-02
-6.140135951696660405e-03
1.496978771111265663e-02
3.515591955172804595e-02
4.153647684606193158e-02
3.451010966430376192e-02
2.628694252692826208e-02
1.742862167297548961e-02
-4.241067923596394951e-03
-3.857513530483124009e-02
-6.263703441298804075e-02
-5.232013299524462813e-02
-9.124592362631335496e-03
3.654690913445311773e-02
4.802287742331427106e-02
1.499765546342665505e-02
-3.081345598014284537e-02
-4.122718292894718417e-02
-3.332060245421973946e-03
4.095762944951400475e-02
3.995061483519171674e-02
-7.949232184200648310e-03
-5.418984397245756729e-02
-5.713881184390218887e-02
-2.165530239559941561e-02
1.985948567750010427e-02
4.616012297816934201e-02
5.686239513849448979e-02
5.839505177093934352e-02
5.580420813192718543e-02
5.384679297574496148e-02
5.504608892967802203e-02
5.688063974196178041e-02
5.459533863398664116e-02
4.314588353583874436e-02
1.610532486420766449e-02
-2.614034047762888932e-02
-6.234392234510328923e-02
-6.010248732572059938e-02
-1.455516431378829287e-02
3.266730819839216982e-02
3.301449442912014753e-02
-1.191588794141175238e-02
-5.043102410774388117e-02
-4.061513778217755444e-02
4.621746148127185358e-03
3.709773706909698376e-02
2.509885736136529405e-02
-2.106797619512038727e-02
-6.473007622936034766e-02
-7.548364040850705226e-02
-5.182745546268857639e-02
-1.786717624376217561e-02
3.461551678955154462e-03
1.201255875403552803e-02
1.996280035332812647e-02
2.675128773932700099e-02
2.016846946482928407e-02
-1.838172759376175552e-04
-2.142338947718382819e-02
-4.093584348626979480e-02
-6.516931151118247889e-02
-7.808725962981714896e-02
-4.638058134637999819e-02
2.076714773710217066e-02
5.348343713042448544e-02
6.182081888358855089e-03
-6.391977357584546771e-02
-6.129815470683654122e-02
1.182641528019110280e-02
5.100445231048794659e-02
-2.660739944213573287e-03
-7.741843921135820039e-02
-7.514679708724390783e-02
-5.457912339707791938e-03
4.546524607785397409e-02
4.329115446251635690e-02
2.919141534506307714e-02
2.934585457947862935e-02
1.920743890898972406e-02
-1.079887362922400673e-02
-2.468084850898944263e-02
-4.190379412676857249e-03
1.636536541544184042e-02
1.398981028804274426e-02
2.038116461223080447e-02
5.492590003312997765e-02
6.657284248029565754e-02
8.462669558020432733e-03
-6.686268718837716507e-02
-6.740105675218321934e-02
-8.851904417652017854e-04
3.314700410223259119e-02
-3.731002655948813251e-03
