5.161662388417254110e-02
1.396381032068066616e-02
-4.861462424008664018e-02
-5.540614787661808649e-02
-1.395700794987671765e-03
5.006315671283904922e-02
5.484999297557861114e-02
2.374326922110917698e-02
-1.459395187888264112e-02
-4.420159760318704417e-02
-5.937028921669046388e-02
-6.279691606906068202e-02
-6.529829848155575822e-02
-7.020707924473007511e-02
-6.806419963130434791e-02
-5.816825709347191176e-02
-5.243591671050219782e-02
-4.387257327589638017e-02
-6.452618333662375749e-03
4.940121000534476031e-02
6.422729564785004119e-02
1.229948189091744672e-02
-4.478530138297736468e-02
-4.034443463942587876e-02
-5.244728179336112517e-04
5.824840645263316269e-03
-1.728544561250326683e-02
-1.056611380406775533e-02
2.345800999509018575e-02
1.597055484203864853e-02
-4.556228755818246545e-02
-8.192441571752427654e-02
-4.083047055077101278e-02
2.706829485250879935e-02
5.271442087142388933e-02
4.260951078494078226e-02
3.992153152943382632e-02
4.756966985675525200e-02
4.401591784310582983e-02
3.493291701055477316e-02
3.858513968278284162e-02
4.839363003969683608e-02
4.805606984427376188e-02
3.557762045016575614e-02
6.847529603123053005e-03
-4.376562338900157750e-02
-8.317935649955326971e-02
-5.784637693781645440e-02
1.391354437255115303e-02
3.748135871879228198e-02
-1.974949726345034962e-02
-6.330416418268132450e-02
-1.851184977363410852e-02
3.754715756692287437e-02
-2.669326512435739318e-03
-8.906191530625864883e-02
-8.321656658215673130e-02
1.774720527501123454e-02
7.655308743560004792e-02
3.508454919057491656e-02
-1.345048028640173990e-02
-2.171651022303853346e-03
7.819084474968349824e-03
-3.511833554266006324e-02
-6.857046129451621619e-02
-3.523260362663915846e-02
7.590823588754347373e-03
-2.513354810308954246e-03
-1.390480378177629678e-02
3.451870049296491827e-02
7.587707671477816884e-02
1.696266109996653892e-02
-8.410775417575393209e-02
-9.005759936938376176e-02
-3.767108354984238100e-03
3.634992259751920751e-02
-1.980565362598178669e-02
-6.469142003113442785e-02
-2.122686308716365336e-02
3.591744202345885373e-02
1.226684441789777438e-02
-5.957189310733874282e-02
-8.497953196434648859e-02
-4.563612136870717068e-02
4.911215301971846858e-03
3.358015457832636691e-02
4.600226447197919982e-02
4.628843296397192747e-02
3.643362250779030864e-02
3.274026292963148899e-02
4.178740915196711009e-02
4.531067522801456027e-02
3.763749307904031699e-02
4.030593096160987876e-02
5.039684920070136576e-02
2.474231456750893010e-02
-4.315925595979381441e-02
-8.425039600249606409e-02
-4.787985922887180723e-02
1.366697501872571677e-02
2.117397154470341061e-02
-1.282510843279558582e-02
-1.951395430362316136e-02
3.632186564342988061e-03
-2.675989992946901930e-03
-4.244963171516751010e-02
-4.683910675525631423e-02
1.030201601910945772e-02
6.229098134670459086e-02
4.753071202561554714e-02
-8.252793798467175646e-03
-4.559808944539527065e-02
-5.408261666512756416e-02
-5.973217378880620043e-02
-6.954156545503162312e-02
-7.159433509317729427e-02
-6.659210233388646039e-02
-6.399415103846933794e-02
-6.046807105925918607e-02
-4.519728166630535005e-02
-1.548513947243911754e-02
2.295872504609370798e-02
5.417398225474767681e-02
4.949730801521486784e-02
-1.850024290346932720e-03
-5.574785166460118069e-02
-4.884288512631107526e-02
1.384954223667333138e-02
